0.14813968306932085 0.24931125509189467 0 
-0.3872153663934858 0.32641161165897864 0 
-0.006370053007391418 0.08180813379903953 0 
-0.30351994768930657 0.3389343844817387 0 
-0.12488980611988776 0.08269916234353404 0 
-0.2541385833870756 -0.10149700393595162 0 
-0.24055806925671883 -0.10122268751590849 0 
0.3272039295234608 -0.17489054233687829 0 
0.0709591042571333 0.2408347829236461 0 
0.3286120507760336 -0.12625803656817605 0 
0.16200141993739747 -0.2641362574710983 0 
-0.07211162343256766 -0.20872061692373364 0 
-0.20153456089974867 0.12678076904554628 0 
-0.2518331614342817 -0.0639502930236753 0 
0.13512092232915082 0.397931913818859 0 
-0.17509770757703647 -0.07829812634822834 0 
-0.3827310000444537 -0.11883378288199196 0 
-0.3809602278271138 -0.15984587593818475 0 
-0.5197685777966136 -0.33220635969773293 0 
-0.29765209693959677 0.10547338752145274 0 
-0.04880691767309854 0.00571847586687458 0 
-0.022707800153309116 -0.13700623492191047 0 
0.3137716433869032 -0.03263257275946239 0 
-0.1283826200857296 -0.15712334726900543 0 
-0.11344662025300081 0.006736448296493676 0 
0.17027038010244328 -0.09658932276696133 0 
0.2730501315204132 -0.36330320091375856 0 
-0.18630155111963145 0.1823367334575385 0 
0.2166835365926459 0.002323334858946219 0 
0.1507625390244297 0.32225728932954023 0 
-0.011691243200030899 0.18449862744998716 0 
-0.1470234733878164 -0.11392168593511139 0 
0.0868501485059961 -0.36275778661078495 0 
0.12609675522412797 -0.17766847470419678 0 
-0.19952036522257505 0.3811686225651566 0 
0.12807781530063359 0.17018552528419575 0 
0.26031396098211407 0.10594330147323133 0 
-0.3933109402289278 0.3049381722906497 0 
0.020393047589241847 -0.45843065564311125 0 
0.03697715140233495 0.17558448625034576 0 
-0.21297300692976104 0.004236890704703714 0 
-0.012245613065297794 0.33170090882470676 0 
0.4852613652390039 -0.21933980786434215 0 
-0.11470431449358497 -0.24318770666311693 0 
-0.17224869756356165 0.2802697304090067 0 
0.09147529143454931 0.007947839468508527 0 
-0.19088620263589406 0.07246448755008209 0 
0.05575202641474594 -0.1442312766508019 0 
0.07051040751558035 -0.28089895986107055 0 
0.44689797837976875 -0.11633966559930059 0 
1.3107645242544266 1.1370581118894292 1 
1.226504785881006 1.0684831237965122 1 
0.9403352381339218 1.091380128703769 1 
0.774833212142257 1.0591308126399117 1 
1.2276578762596135 1.2657559032540389 1 
1.1845963167032272 0.785798013684978 1 
1.0739159782056888 0.7324021405051735 1 
0.9492454505063489 1.0519071433316147 1 
1.0815589553695937 0.9618389037532231 1 
1.010656266243699 0.807775882007479 1 
1.3816539305417246 1.0749757257043178 1 
1.103717565099046 1.0295095913628534 1 
1.0377403042182654 1.0546262438932592 1 
1.1068949674348147 1.0579144495642678 1 
1.1780827834332779 0.7826471349679184 1 
0.9952955652451347 0.6666076414965356 1 
1.0438881522690424 0.8683172019605127 1 
1.0824653195617615 1.1867165857823099 1 
0.8292742922779324 1.16921820362129 1 
1.0210654641112002 1.284034166280653 1 
0.9805158212365847 1.1454463197027192 1 
1.1056380104185197 1.2010770681823615 1 
0.9277798500177795 1.2440665294669664 1 
1.3988936514239512 0.8965038874241636 1 
0.8445231440991102 0.9346500510290439 1 
0.9155134357545341 1.394913562610508 1 
1.0694185480570058 0.9917947767003066 1 
0.91405028702389 0.8553642463371822 1 
0.8936782931720172 1.2014499962978749 1 
0.7450508133774406 0.8446294520143598 1 
1.2099310509768133 1.0669739193183365 1 
1.2330334629288036 0.924936693926163 1 
1.0638868948336424 1.1000357060997414 1 
0.9932508689367373 0.9412076272141382 1 
1.0717947283777218 1.0858167278691624 1 
1.1121652973423763 0.9782900941805951 1 
1.1764101253693757 0.8975273500041848 1 
1.0753283864530112 1.1368004242412642 1 
1.2844736135824673 1.1340840843014592 1 
1.0777901524469542 0.8478841476820955 1 
0.9035530243240324 1.5033324042898517 1 
1.0608411837483038 0.9247056635510087 1 
0.9873103294354744 1.022163637660166 1 
1.0492319768103275 1.0485724587371923 1 
1.0790398752765311 0.599398497322414 1 
1.0672769867533287 0.8509902108709322 1 
1.418623631335973 0.526320684944478 1 
1.0260355519490194 0.7671539548360209 1 
1.0090389090651173 1.1927354053307568 1 
1.0950558276344844 0.9903373390797897 1 
